69.7439   171.53   0.0   191.791   171.53   0.0   191.791   72.7114   0.0   69.7439   72.7114   0.0   
191.791   171.53   0.0   69.7439   171.53   0.0   69.7439   171.53   57.874   191.791   171.53   57.874   
69.7439   72.7114   0.0   191.791   72.7114   0.0   191.791   72.7114   57.874   69.7439   72.7114   57.874   
69.7439   171.53   0.0   69.7439   72.7114   0.0   69.7439   72.7114   57.874   69.7439   123.072   80.308   69.7439   171.53   57.874   
69.7439   123.072   80.308   191.791   123.072   80.308   191.791   171.53   57.874   69.7439   171.53   57.874   
69.7439   123.072   80.308   69.7439   72.7114   57.874   191.791   72.7114   57.874   191.791   123.072   80.308   
191.791   72.7114   0.0   191.791   171.53   0.0   191.791   171.53   57.874   191.791   123.072   80.308   191.791   72.7114   57.874   
185.886   116.431   32.7083   185.886   116.431   51.2123   185.886   102.257   51.2123   185.886   102.257   32.7083   
191.791   116.431   32.7083   191.791   116.431   51.2123   185.886   116.431   51.2123   185.886   116.431   32.7083   
191.791   116.431   51.2123   191.791   102.257   51.2123   185.886   102.257   51.2123   185.886   116.431   51.2123   
191.791   102.257   51.2123   191.791   102.257   32.7083   185.886   102.257   32.7083   185.886   102.257   51.2123   
191.791   102.257   32.7083   191.791   116.431   32.7083   185.886   116.431   32.7083   185.886   102.257   32.7083   
185.492   153.287   44.3525   185.492   138.326   44.3525   185.492   138.326   23.0927   185.492   153.287   23.0927   
191.791   153.287   44.3525   191.791   138.326   44.3525   185.492   138.326   44.3525   185.492   153.287   44.3525   
191.791   138.326   44.3525   191.791   138.326   23.0927   185.492   138.326   23.0927   185.492   138.326   44.3525   
191.791   138.326   23.0927   191.791   153.287   23.0927   185.492   153.287   23.0927   185.492   138.326   23.0927   
191.791   153.287   23.0927   191.791   153.287   44.3525   185.492   153.287   44.3525   185.492   153.287   23.0927   
